# De abril-2018 até jan-2023
ipca_adjust <- 1.31457070
ipc_fipe_adjust <- 1.34547600

# PIB (2018/1 - 2021/1) Fonte: SEADE
adjust_pib <- (105.4 / 96)
# PNAD (2018/1 - 2020/1) Fonte: PNAD
adjust_pnad_nominal <- (4165 / 3790) ^ (3 / 2)
adjust_pnad_real <- (4181 / 4127) ^ (3 / 2)
